198
0
1
2
3
4
5
6
7
8
9
10
4
11
2
3
10
12
11
1
13
4
14
5
15
10
10
4
11
1
14
16
6
5
10
17
14
4
10
10
16
18
8
14
10
5
14
19
20
16
4
21
6
16
22
4
23
19
4
24
16
25
19
3
16
1
10
8
2
26
19
14
16
4
13
2
8
19
14
8
11
19
3
13
19
25
6
19
27
14
19
3
25
28
19
25
29
25
28
30
13
14
31
25
3
28
3
30
26
26
3
31
3
26
26
28
16
14
10
27
14
14
25
10
32
6
10
25
25
10
11
3
32
11
3
11
10
11
32
3
8
28
3
10
8
11
10
10
31
25
10
6
33
10
10
29
10
34
21
10
30
10
2
23
6
26
25
30
23
25
3
14
23
25
30
2
32
3
30
5
2
25
4
8
14
2
14
4
8
14
2
11
6
14
7
8
8
14
2
6
